1.52985 -0.46585 -0.88374 -1.28737 -0.69244 -0.10053 -0.27730 0.74481 0
-0.25079 0.03458 0.45953 -1.28737 -0.69244 -1.14059 -0.65758 0.57474 0
0.04598 -0.80990 0.04622 0.71862 -0.69244 0.01363 0.42291 -0.78577 0
1.52985 -1.52926 0.45953 0.27981 -0.69244 -0.04979 -0.57911 0.40468 0
0.63953 -0.87245 -0.98707 0.59324 -0.13710 -0.41762 -0.34973 -0.87081 0
1.23308 -0.09053 0.14954 -0.09632 -0.69244 -1.12790 3.03060 1.08494 0
-0.25079 -1.34160 0.04622 -1.28737 -0.69244 0.06436 -0.60929 0.48971 0
-1.14111 0.25351 0.56286 -1.28737 -0.69244 -0.10053 0.69757 -0.36061 0
0.04598 0.72266 0.66618 0.71862 -0.69244 0.82538 0.24786 0.31965 1
-0.84433 0.69139 0.87284 0.59324 2.17105 -0.24005 1.26800 -0.87081 0
1.23308 -1.74820 0.14954 0.15443 -0.69244 0.00094 0.38670 0.74481 0
-0.25079 -0.55968 0.14954 0.59324 0.62650 -0.55714 0.77906 -0.53068 0
0.34276 -3.78119 0.56286 0.71862 -0.69244 1.14247 -0.37991 0.31965 1
0.34276 -0.34075 -0.05711 -1.28737 -0.69244 -0.76008 -0.54289 -0.27558 0
1.23308 -0.68479 0.76951 -1.28737 -0.69244 0.43219 -0.25315 1.42507 0
-1.14111 0.31607 -0.16044 1.22012 -0.69244 0.29267 -0.83264 -0.95584 1
-1.14111 -1.15394 -0.26377 0.09175 -0.11974 0.48292 0.22070 -1.04087 0
-0.54756 0.12841 -0.47043 -0.03363 0.52237 0.22925 -1.15860 -0.19055 0
0.34276 0.00330 0.14954 0.15443 0.27941 -0.73471 -0.68475 -0.27558 0
1.52985 -0.99756 -0.36710 -1.28737 -0.69244 -1.20401 -0.99562 -0.02048 0
0.04598 1.03543 0.14954 0.53056 0.40089 -0.08784 -0.40406 0.31965 0
0.04598 0.19096 0.97617 -0.59781 0.65253 0.31803 0.38066 -0.44564 0
0.04598 0.06585 -0.36710 -1.28737 -0.69244 0.00094 -0.74209 0.14958 1
1.52985 1.34820 0.76951 0.02906 -0.69244 -0.15126 1.08389 -0.10552 1
-0.25079 -0.77862 -0.67708 0.84399 0.30544 -0.92497 1.42494 0.48971 0
0.04598 -0.15309 0.14954 -0.53513 0.06248 -1.25474 -0.02679 0.31965 0
1.52985 0.09713 0.04622 0.78130 2.79581 0.43219 -0.57308 0.06455 0
0.34276 -0.46585 0.66618 0.59324 -0.69244 0.95222 -0.56100 0.40468 0
1.52985 -0.59096 0.35620 1.03205 -0.69244 0.11509 0.58288 1.08494 1
0.63953 1.37948 -0.05711 0.34249 0.76534 0.20388 0.48026 1.34003 0
1.23308 -1.12266 -0.72875 -0.03363 -0.69244 -0.96302 -1.01373 0.74481 0
-0.54756 -0.87245 -0.26377 0.71862 0.69592 0.76196 0.61004 -0.87081 1
1.52985 0.40990 0.25287 0.78130 -0.17180 -0.77276 -0.03584 4.06107 0
3.01371 1.69224 -0.36710 0.59324 -0.69244 0.20388 -0.78435 0.40468 1
-1.14111 -0.62224 0.35620 -1.28737 -0.69244 0.47024 -0.82660 -0.61571 0
-0.25079 -0.46585 0.14954 -1.28737 -0.69244 -0.78545 -0.79944 -0.53068 0
0.63953 -0.90373 -0.36710 0.71862 0.40089 0.00094 -1.16765 1.08494 0
-0.84433 -0.62224 -0.98707 -0.34707 -0.38006 -0.98838 0.16335 -0.61571 0
-1.14111 0.53500 -3.57027 -1.28737 -0.69244 0.54634 1.39174 -0.70074 1
-0.25079 1.50458 0.25287 -0.09632 0.39222 -0.26542 -0.61533 -0.19055 1
-0.54756 -1.15394 -3.57027 -1.28737 -0.69244 -4.05783 -0.50668 -1.04087 0
0.93630 1.97373 0.76951 0.78130 -0.69244 0.44487 -0.35275 0.65978 1
1.52985 1.53586 0.25287 0.65593 -0.69244 1.52298 -0.20788 0.82984 1
-0.54756 -0.80990 -0.78041 -0.40975 0.07116 -0.74739 0.83338 -0.95584 0
-0.54756 -0.59096 0.87284 0.96937 0.34883 1.71324 -1.04089 -0.87081 1
-0.25079 -0.27819 0.25287 0.59324 -0.69244 -0.04979 -0.82962 -0.70074 1
-0.54756 -0.62224 -0.57375 -0.22169 1.60703 -0.98838 0.42895 -0.87081 0
0.34276 0.72266 0.66618 0.34249 1.78057 0.00094 -0.05999 2.10533 1
1.52985 0.03458 -0.67708 -1.28737 -0.69244 0.16583 1.93803 -0.02048 1
0.63953 1.03543 0.45953 1.28280 0.52237 1.78934 0.29917 -0.53068 0
-1.14111 2.09884 0.66618 -0.40975 0.91285 0.00094 0.63419 -0.95584 1
-0.84433 -0.80990 -0.47043 -0.15900 -0.18916 -1.02644 -0.63947 -0.95584 0
-0.54756 -0.90373 0.35620 -0.03363 -0.69244 -0.98838 3.70063 -0.44564 0
-0.84433 0.69139 0.25287 0.09175 -0.16313 -0.73471 -0.65155 -1.04087 0
0.04598 -0.34075 -0.16044 -1.28737 -0.69244 -0.01174 -0.00264 -0.36061 0
-0.84433 -0.99756 0.35620 0.84399 -0.37138 -0.10053 -0.84471 -0.87081 0
1.23308 0.15968 0.25287 1.09474 -0.04165 -0.77276 -0.93525 0.48971 0
1.23308 2.03629 1.07950 0.90668 1.25994 0.31803 -0.14752 0.31965 1
-0.84433 -0.37202 -1.60704 -0.15900 0.34883 -1.12790 -0.19581 -0.61571 0
-1.14111 0.31607 -3.57027 -1.28737 -0.69244 1.42151 -0.60929 -0.61571 1
1.82662 -0.96628 0.82118 0.71862 -0.69244 0.36877 1.06578 1.93526 1
0.93630 0.47245 1.07950 -1.28737 -0.69244 -0.26542 -0.79038 1.42507 0
-0.25079 0.28479 -0.26377 -1.28737 -0.69244 -1.12790 -0.47649 -0.95584 0
-0.54756 -0.40330 0.56286 -1.28737 -0.69244 -0.63324 -0.64249 1.59513 1
-0.84433 0.22224 1.49281 1.28280 -0.18916 0.00094 2.56278 -0.02048 1
1.52985 -0.93500 -0.05711 -1.28737 -0.69244 -0.98838 -0.82056 2.10533 0
0.04598 -0.74734 -0.47043 0.15443 -0.69244 -0.48104 -0.08715 -0.95584 0
-0.25079 0.25351 -0.26377 0.53056 0.30544 -0.70934 -0.76322 -0.44564 1
0.93630 2.31778 0.04622 0.78130 0.56576 -0.87423 -0.93224 1.85023 1
0.93630 0.47245 0.25287 0.34249 0.47899 -0.76008 0.52855 1.51010 0
-0.84433 -0.02798 0.56286 1.72161 1.04301 0.87611 2.08290 0.65978 0
0.04598 -0.80990 -0.26377 -1.28737 -0.69244 0.00094 -0.93827 -0.19055 1
-0.84433 -0.21564 -0.16044 0.96937 1.04301 0.77464 -0.55195 -1.04087 0
-1.14111 -0.24692 0.56286 -0.28438 -0.69244 -0.12590 1.21367 -1.04087 0
0.93630 0.91032 -0.16044 1.34549 2.27518 0.34340 0.74284 0.74481 0
-0.25079 0.84777 -0.16044 0.27981 -0.69244 0.06436 -0.65155 -0.95584 0
-0.25079 -0.59096 -1.29705 -0.03363 0.12322 -0.15126 -0.21693 -0.61571 0
-0.84433 -1.56054 -0.36710 -1.28737 -0.69244 -1.29279 -0.16864 -0.61571 0
-0.25079 -0.77862 0.45953 1.15743 -0.69244 0.67318 -0.70587 0.57474 0
0.34276 1.47331 -0.26377 -1.28737 -0.69244 0.11509 -1.01674 0.65978 1
0.04598 -0.84117 -0.21211 0.09175 -0.69244 -0.92497 -0.97751 -1.04087 0
-0.54756 -0.34075 0.25287 0.53056 0.39222 0.05168 0.68248 -0.53068 0
-0.84433 -0.93500 -0.78041 0.27981 0.17528 -0.86155 -0.71795 -0.87081 0
-0.84433 -3.78119 0.25287 -0.03363 -0.49286 -0.54446 -0.52177 -1.04087 0
-0.84433 -0.30947 1.28615 -1.28737 -0.69244 0.10241 -0.62438 0.99991 0
-0.54756 -0.65351 0.04622 1.97236 -0.19784 1.07905 0.61909 -0.70074 0
-0.84433 -0.30947 -0.36710 -0.47244 0.88682 -1.01375 -1.00769 -0.87081 0
-0.84433 -0.27819 0.56286 1.53355 0.45296 0.35608 -0.76926 -0.78577 0
0.63953 -1.12266 0.45953 -1.28737 -0.69244 -0.10053 -0.27126 0.74481 0
-0.84433 -0.77862 2.73275 -1.28737 -0.69244 -1.21669 -0.79944 -0.53068 0
1.52985 1.34820 0.45953 -1.28737 -0.69244 0.10241 -0.97751 0.99991 1
-0.54756 -0.90373 -0.36710 0.46787 -0.69244 -0.04979 -1.03183 -0.78577 0
2.42017 0.59756 0.66618 1.40818 2.12766 0.91416 0.16939 2.10533 1
-1.14111 0.53500 -0.47043 0.90668 0.75666 0.33072 0.18750 -1.04087 1
-0.84433 -1.02883 -0.36710 0.21712 -0.31064 -0.26542 -0.15053 -0.87081 0
1.82662 0.56628 0.56286 -1.28737 -0.69244 -0.62056 2.92496 2.02029 0
-0.84433 -0.37202 -0.67708 0.02906 0.47899 -0.86155 1.08993 -0.87081 0
-1.14111 -1.15394 0.66618 0.65593 0.39222 0.78733 -0.72096 -0.87081 0
-0.84433 -0.05925 -0.78041 -0.47244 -0.25858 -1.22937 -0.80547 -0.78577 0
0.34276 0.15968 0.45953 0.40518 -0.50154 -0.30347 -0.09923 0.57474 0
-1.14111 -0.12181 -0.16044 0.65593 0.93888 -0.15126 0.06375 -0.95584 0
-0.54756 -0.37202 1.18282 -1.28737 -0.69244 1.35809 1.12614 1.76520 0
-0.84433 -0.65351 0.14954 -0.53513 -0.08503 -0.84886 0.56175 -0.44564 0
-0.84433 0.69139 0.76951 0.15443 1.99751 1.32004 1.82334 -0.95584 0
1.23308 -0.65351 0.25287 1.22012 1.17317 0.93953 0.57080 0.82984 1
-0.54756 0.25351 0.76951 -1.28737 -0.69244 -0.50640 -0.56704 -0.53068 0
1.82662 0.25351 -0.36710 0.96937 -0.69244 1.16784 -0.09319 0.40468 1
0.34276 1.16054 0.76951 1.28280 1.12978 0.93953 -0.23202 -0.36061 1
0.93630 1.19182 -0.26377 -1.28737 -0.69244 -0.58251 -0.53686 0.57474 0
0.34276 -0.12181 1.18282 -1.28737 -0.69244 0.26730 -0.40708 0.40468 0
0.04598 -0.68479 0.14954 -0.22169 -0.69244 -0.81081 -0.53686 -0.44564 0
-0.84433 -0.77862 -0.26377 0.40518 0.06248 0.15315 -0.55195 -1.04087 0
-0.84433 -0.30947 0.87284 -0.09632 -0.69244 -0.24005 -0.99260 -0.87081 0
0.04598 0.78522 0.82118 0.40518 0.17528 -0.39225 -0.85376 -0.53068 0
0.04598 -0.34075 1.18282 -1.28737 -0.69244 0.71123 -0.84773 -0.27558 0
-1.14111 1.84863 1.07950 0.34249 0.08851 0.57171 -0.47649 0.14958 1
-0.54756 -0.40330 -0.26377 -1.28737 -0.69244 -0.15126 -0.94733 -1.04087 0
-1.14111 0.78522 0.66618 -1.28737 -0.69244 1.07905 3.95113 0.91487 0
1.23308 1.03543 0.45953 0.71862 -0.69244 0.05168 -0.08715 0.99991 1
0.04598 1.62969 0.04622 -0.40975 0.76534 -0.29078 -0.33464 -0.02048 1
-0.25079 -0.02798 0.04622 0.59324 0.47899 1.38346 -0.05999 -0.27558 0
-1.14111 0.75394 -3.57027 -1.28737 -0.69244 1.54835 0.47724 -0.19055 1
0.04598 0.72266 -0.57375 0.46787 0.52237 -0.31615 -0.55798 0.31965 0
0.34276 -2.40501 -0.36710 -1.28737 -0.69244 -0.88691 0.34746 0.23461 0
-0.54756 -1.18522 -0.21211 0.46787 -0.11974 0.60976 0.47422 -0.78577 0
0.63953 0.09713 0.14954 -1.28737 -0.69244 -0.55714 -0.31351 -0.36061 1
-0.84433 0.28479 -0.47043 0.15443 0.78269 -0.43030 0.66437 -1.04087 0
-0.84433 0.09713 0.25287 0.96937 -0.69244 -0.53177 -1.12238 -0.27558 0
0.93630 -1.24777 0.45953 1.22012 -0.27593 1.86544 -0.63646 0.74481 0
0.63953 0.12841 -0.05711 0.59324 0.34883 -0.25273 -0.02377 -0.10552 0
-0.54756 -0.96628 -0.05711 1.34549 -0.69244 0.78733 0.09394 -0.53068 1
-1.14111 1.37948 1.07950 0.78130 5.20808 2.57572 -0.13544 -0.87081 0
0.93630 2.06757 -0.98707 0.78130 2.70904 0.24193 1.06880 0.06455 1
-1.14111 0.97288 0.66618 1.15743 1.66777 1.20589 -0.60929 -0.53068 0
0.34276 1.06671 0.76951 1.47086 4.03666 0.85075 0.44404 0.06455 0
-0.84433 -0.93500 -0.26377 0.21712 -0.69244 -0.35420 -0.84471 -1.04087 0
-1.14111 0.62883 -3.57027 -1.28737 -0.69244 1.32004 -0.80547 -0.36061 1
-0.25079 -0.30947 1.07950 -0.53513 -0.01561 -0.45567 0.06979 -0.36061 0
1.23308 0.15968 0.97617 0.96937 0.24470 0.82538 -0.37086 1.34003 0
-0.84433 -0.24692 -0.26377 0.90668 -0.69244 0.20388 0.21466 -1.04087 1
1.52985 0.97288 0.45953 0.84399 0.79137 0.27998 1.27102 -0.02048 1
-0.84433 0.87905 -0.05711 0.53056 0.40957 -0.34152 -0.37086 0.74481 1
1.23308 -0.02798 0.45953 -1.28737 -0.69244 -0.88691 -0.18977 2.61552 0
-0.54756 0.56628 0.30454 -1.28737 -0.69244 -0.81081 -0.92016 -0.36061 0
-0.84433 -1.37288 -0.67708 0.59324 -0.20651 0.16583 2.35151 -0.78577 0
0.04598 1.09799 0.30454 -1.28737 -0.69244 2.06838 -0.70587 -0.10552 1
0.63953 -0.21564 -3.57027 -1.28737 -0.69244 -4.05783 -0.85376 -0.61571 0
-1.14111 -0.84117 0.04622 0.40518 0.30544 1.45956 -0.37690 -1.04087 0
-0.84433 0.37862 1.69947 0.46787 0.52237 0.10241 -0.71795 0.99991 1
-1.14111 0.44117 -0.05711 1.34549 1.47687 1.30736 -0.32257 -0.78577 1
-0.84433 -0.96628 -0.05711 -0.78588 -0.69244 -0.95033 2.01046 0.23461 0
-0.84433 0.56628 -0.36710 1.28280 3.47264 1.10442 0.19354 -1.04087 0
-0.54756 0.03458 0.04622 0.40518 -0.69244 0.60976 -0.39802 -0.53068 0
1.52985 0.28479 0.04622 -1.28737 -0.69244 0.27998 0.54364 0.99991 1
-0.25079 0.00330 -0.88374 -1.28737 -0.69244 0.50829 -1.04089 -0.70074 1
-0.25079 -0.18436 -0.16044 1.15743 0.52237 0.77464 -0.97147 -0.44564 0
0.63953 -1.06011 0.56286 -1.28737 -0.69244 -1.11522 -1.17067 -0.10552 0
-0.84433 0.72266 0.66618 1.59624 0.86946 1.78934 -0.41311 1.08494 1
0.63953 -0.18436 -0.47043 1.15743 -0.69244 0.21656 -0.68475 0.57474 1
-0.84433 -0.43458 0.14954 0.59324 0.01909 -0.15126 1.05371 -0.78577 0
-0.54756 -0.96628 0.04622 -0.22169 -0.69244 -0.59519 -1.16765 -0.95584 0
-1.14111 -0.80990 0.82118 0.27981 -0.38006 0.68586 -0.67871 -0.78577 1
1.52985 -0.02798 0.14954 0.09175 -0.20651 -1.41963 0.78811 1.25500 0
0.34276 -0.30947 0.14954 0.46787 -0.69244 -1.02644 -0.19581 -0.53068 0
-0.25079 1.31692 0.04622 -0.15900 0.21867 -0.04979 -0.61533 -0.44564 1
0.04598 -0.68479 0.35620 -0.34707 -0.24990 -1.11522 -0.75115 -1.04087 0
1.52985 1.09799 0.87284 0.46787 0.65253 0.29267 2.16439 0.74481 1
0.63953 0.81649 0.56286 -1.28737 -0.69244 -0.31615 -0.88696 1.42507 1
1.82662 0.84777 0.76951 1.72161 1.36407 0.71123 1.59698 1.51010 1
-0.54756 -0.68479 -0.88374 -0.34707 0.12322 -0.93765 0.49837 -1.04087 0
-0.84433 1.12926 0.14954 0.02906 0.76534 -0.81081 -1.05296 -0.78577 0
1.52985 0.59756 1.28615 -1.28737 -0.69244 0.08973 0.79113 0.99991 1
1.82662 -0.18436 -3.57027 -1.28737 -0.69244 -4.05783 -0.63646 -0.27558 1
1.23308 2.34906 0.35620 0.53056 1.73719 0.69854 0.40179 2.02029 1
2.42017 0.94160 0.04622 1.22012 1.65909 1.24394 0.81527 0.40468 1
-0.54756 -0.71607 -0.47043 -0.22169 0.34883 0.34340 -0.82660 -0.95584 0
1.82662 0.03458 -0.05711 -1.28737 -0.69244 -0.10053 -0.64551 0.65978 0
-0.25079 -1.18522 -0.57375 0.65593 -0.53625 0.29267 -0.41010 -0.70074 0
-0.54756 -0.65351 -0.05711 0.27981 -0.07636 0.82538 -0.44631 -0.61571 0
-1.14111 -0.12181 -3.57027 -1.28737 -0.69244 0.22925 1.38872 0.91487 0
-0.84433 0.03458 1.07950 1.90967 1.21655 2.24595 -0.44329 -0.19055 1
1.82662 0.37862 -0.05711 -1.28737 -0.69244 -0.63324 -0.68475 0.23461 0
-0.84433 0.03458 -0.26377 0.71862 0.66121 0.39413 0.66437 -0.27558 1
2.71694 1.16054 2.31943 -1.28737 -0.69244 1.30736 -0.64853 0.91487 1
0.04598 -0.68479 -0.05711 1.09474 -0.69244 0.10241 -0.98656 -0.02048 0
0.34276 0.69139 0.45953 -1.28737 -0.69244 1.64982 -0.85075 1.16997 0
0.34276 0.47245 0.66618 -1.28737 -0.69244 -4.05783 0.50742 3.04068 0
-0.84433 -0.15309 0.04622 0.46787 -0.69244 -0.58251 -0.80849 -1.04087 0
-0.54756 -0.27819 -0.05711 0.09175 0.12322 0.26730 -0.47348 -0.61571 0
2.12340 -0.55968 -0.05711 1.22012 -0.69244 1.80202 -1.04391 0.74481 0
1.52985 1.56714 2.11278 0.21712 1.39010 1.70055 0.75189 1.76520 1
-0.54756 -0.49713 -0.57375 1.22012 0.12322 0.36877 -0.74511 -0.70074 0
-1.14111 -0.68479 -3.57027 -1.28737 -0.69244 -0.88691 -0.66060 -0.95584 0
-0.25079 0.34734 0.56286 -1.28737 -0.69244 0.30535 -0.21090 0.91487 1
-1.14111 -1.46671 -0.88374 -0.66050 -0.38006 -0.53177 -0.61231 -0.95584 0
-0.54756 -1.12266 -0.21211 -1.28737 -0.69244 0.96490 1.38269 -0.53068 0
0.04598 0.06585 0.56286 -0.34707 0.83476 0.00094 -0.08715 0.06455 0
0.63953 -0.37202 -0.47043 0.40518 -0.69244 -0.88691 -0.80246 -0.53068 0
0.04598 0.62883 0.25287 -1.28737 -0.69244 -0.55714 -0.68777 0.57474 0
0.93630 1.81735 1.33782 0.65593 -0.69244 0.27998 -0.92922 2.27539 0
-0.84433 -0.15309 0.45953 0.53056 0.86946 0.52097 0.07281 -0.70074 0
-1.14111 -0.49713 -0.05711 0.09175 -0.69244 -1.52110 -0.71191 -0.95584 0
1.82662 1.28565 0.76951 -1.28737 -0.69244 -0.54446 -0.87489 1.76520 0
-0.84433 0.59756 0.25287 0.34249 0.86946 -1.00107 1.07484 -0.87081 0
0.34276 -1.02883 0.45953 0.59324 -0.69244 -0.55714 -0.64551 0.31965 0
2.71694 -0.52841 0.14954 -1.28737 -0.69244 -0.10053 -0.02075 0.40468 1
-0.84433 -0.80990 0.25287 0.02906 -0.05900 -0.77276 0.60702 0.23461 0
0.63953 -0.49713 0.56286 0.46787 -0.69244 0.06436 1.22574 -0.61571 0
-1.14111 -0.74734 -0.26377 0.96937 0.17528 0.60976 0.38670 -0.70074 0
1.23308 -1.15394 0.25287 0.65593 -0.69244 0.80001 -0.04490 0.48971 0
-0.54756 -1.56054 0.04622 0.40518 -0.69244 -0.50640 0.34444 -0.95584 0
-1.14111 -0.59096 0.87284 -0.22169 0.21867 -0.34152 0.67342 -0.53068 0
-0.54756 -1.02883 0.25287 -0.09632 -0.23255 -0.37957 -0.73304 -0.95584 0
-0.84433 -0.80990 -0.16044 -0.47244 -0.36270 -1.57183 -0.41613 -0.70074 0
1.52985 1.03543 0.45953 0.59324 0.17528 -0.13858 -0.92922 0.99991 0
-0.84433 -0.55968 0.56286 -0.59781 0.01909 -1.59720 0.05772 -0.95584 0
0.04598 -1.40416 -0.36710 -1.28737 -0.69244 0.25461 -0.24410 -0.70074 0
0.93630 0.81649 0.35620 -1.28737 -0.69244 0.93953 -0.64853 0.82984 1
-0.84433 -0.74734 -0.16044 -0.34707 0.52237 -1.11522 0.04565 -0.95584 0
-0.54756 -0.62224 -0.57375 0.90668 0.08851 -1.29279 -0.95638 -0.95584 0
-0.25079 0.12841 -0.57375 -1.28737 -0.69244 -0.04979 -0.96845 -0.78577 0
1.23308 1.94246 -0.26377 -1.28737 -0.69244 -1.10254 0.60400 -0.10552 1
-0.25079 0.28479 0.45953 0.15443 -0.00694 -0.45567 -0.44933 0.06455 1
-1.14111 -0.09053 0.76951 1.65893 1.30333 1.75129 0.23881 -0.19055 1
1.23308 -0.34075 0.35620 -1.28737 -0.69244 -0.53177 -0.70889 2.10533 0
-0.84433 0.81649 1.28615 1.28280 -0.69244 2.19521 -0.34370 -0.53068 1
-0.54756 -0.65351 -0.16044 -0.03363 0.08851 0.11509 1.19254 -0.44564 1
-1.14111 -0.02798 0.25287 -0.15900 -0.14577 -0.18931 -0.56402 -0.61571 0
0.63953 -0.40330 -1.29705 -0.03363 0.43560 -1.01375 1.02956 0.14958 0
0.93630 1.25437 0.87284 -1.28737 -0.69244 -0.20200 -0.92620 1.16997 1
2.42017 -1.15394 0.14954 0.65593 -0.69244 -0.29078 -0.52780 1.08494 1
-0.54756 0.03458 0.35620 0.40518 1.04301 0.49560 0.03357 -0.61571 0
0.04598 -0.02798 -0.05711 -1.28737 -0.69244 -0.30347 0.71568 0.06455 0
0.34276 -0.18436 0.35620 -1.28737 -0.69244 -0.10053 -0.38897 0.91487 1
-1.14111 -0.80990 -0.26377 1.15743 0.21867 1.59908 -0.31955 -0.95584 0
0.93630 -0.46585 1.18282 -0.15900 -0.69244 -1.17864 -0.71493 1.25500 0
-1.14111 0.12841 -0.05711 -1.28737 -0.69244 -0.92497 -0.80246 -1.04087 0
-0.54756 0.25351 0.25287 0.34249 1.08640 0.15315 0.35953 -0.70074 0
-0.54756 -0.12181 1.07950 -0.09632 -0.07636 -0.86155 -0.47951 -1.04087 0
0.34276 1.41075 0.14954 -0.09632 0.82608 -0.78545 0.34746 1.51010 1
1.82662 -0.84117 0.14954 -0.15900 -0.69244 -1.12790 0.37161 1.93526 0
-0.25079 1.16054 0.35620 0.96937 1.43348 -0.04979 1.14425 -0.44564 1
-0.84433 1.47331 0.97617 0.53056 -0.69244 0.38145 1.30723 1.59513 1
0.04598 -0.21564 -0.21211 -1.28737 -0.69244 -1.28011 -0.12035 0.31965 0
0.04598 0.25351 -0.47043 -0.53513 1.31200 -0.56982 0.16637 -0.19055 0
-0.25079 -0.46585 -0.78041 0.02906 0.67856 -0.13858 -0.54289 -0.78577 0
-0.54756 0.28479 1.38948 -1.28737 -0.69244 -1.19132 -0.61533 -1.04087 0
0.04598 0.75394 0.66618 -0.15900 -0.69244 0.06436 -0.71493 3.12571 1
0.93630 1.87990 0.76951 0.02906 0.97359 0.49560 0.34444 1.51010 1
-0.25079 1.66097 -0.57375 0.09175 0.99095 0.11509 0.36557 0.23461 1
-0.25079 -0.15309 0.25287 -0.34707 0.21867 -0.72203 -1.10125 -0.78577 0
-0.25079 2.19267 -0.05711 -0.34707 0.43560 -0.13858 -0.52177 0.06455 0
-0.84433 0.44117 -0.78041 -1.28737 -0.69244 -0.67129 0.64928 2.44545 0
0.93630 -0.43458 0.25287 -1.28737 -0.69244 -0.30347 -0.65758 -0.19055 1
0.63953 -0.59096 0.66618 -1.28737 -0.69244 -0.15126 -0.88093 0.23461 1
-0.54756 0.19096 -0.57375 0.21712 1.69380 -0.54446 3.40485 -0.70074 0
2.12340 0.47245 0.76951 0.90668 0.43560 -0.46835 -0.63947 0.74481 1
-0.84433 -0.37202 -0.57375 -0.15900 0.31412 -0.44299 -0.76322 -0.95584 0
0.04598 0.78522 0.45953 -1.28737 -0.69244 0.82538 0.14524 2.87062 1
0.04598 -0.12181 -0.36710 -0.53513 -0.69244 -0.29078 -0.27730 -0.27558 1
-0.25079 -1.27905 0.66618 0.65593 -0.08503 0.27998 2.47526 -0.53068 1
0.04598 2.13012 2.11278 0.65593 -0.69244 -0.44299 0.62815 0.31965 0
-0.25079 -0.24692 -0.98707 -0.66050 0.04513 -0.31615 0.46517 -0.70074 0
0.34276 -1.34160 -1.09039 -1.28737 -0.69244 0.21656 0.54968 -0.70074 0
-0.84433 1.62969 0.25287 -1.28737 -0.69244 0.60976 -1.15860 0.40468 1
0.93630 -1.18522 0.45953 0.34249 -0.07636 -0.34152 0.89073 0.23461 0
-0.25079 -1.21650 0.04622 -1.28737 -0.69244 -1.38158 -0.25013 -0.70074 0
0.93630 1.78607 0.76951 -1.28737 -0.69244 1.00295 -0.42519 0.65978 1
-1.14111 -0.43458 -0.47043 0.27981 -0.69244 -0.70934 -1.02278 -0.87081 0
-1.14111 -0.24692 0.35620 -1.28737 -0.69244 0.16583 -0.58515 -0.87081 1
0.04598 1.16054 0.45953 -1.28737 -0.69244 0.11509 0.99938 -0.19055 1
-0.84433 0.22224 0.66618 -0.22169 0.89550 -0.56982 -1.07711 -0.95584 0
-0.84433 -0.65351 -0.16044 0.53056 1.00830 0.00094 -0.08413 0.74481 0
-0.25079 -0.65351 -0.05711 0.15443 0.01042 -0.04979 1.44003 -0.44564 0
1.52985 0.75394 0.56286 1.59624 0.43560 0.74928 0.49837 0.57474 1
-0.54756 0.22224 0.45953 1.03205 0.88682 1.43419 2.27002 -0.19055 1
-1.14111 0.22224 -0.05711 -0.09632 0.86946 -0.18931 2.77405 -0.70074 1
0.34276 -0.37202 -0.36710 1.28280 0.42692 0.48292 0.12714 -0.70074 1
0.34276 -1.12266 0.25287 0.09175 -0.69244 -0.37957 2.27002 -0.10552 1
-1.14111 -0.49713 0.76951 -1.28737 -0.69244 -0.51909 0.81226 2.44545 1
-0.25079 1.84863 -0.26377 0.27981 -0.08503 0.25461 -0.60628 -0.61571 0
-0.84433 -0.49713 -0.57375 -1.28737 -0.69244 -0.97570 -0.85980 -1.04087 0
0.04598 -0.27819 0.45953 1.22012 -0.69244 0.93953 -0.71191 0.40468 0
-1.14111 -1.68565 0.35620 -1.28737 -0.69244 1.68787 -0.83867 1.08494 0
-0.25079 1.56714 0.14954 0.78130 0.47899 0.16583 -0.82358 -0.78577 1
-0.25079 0.09713 0.56286 0.78130 0.43560 0.15315 -0.50366 -0.61571 0
0.04598 1.56714 0.14954 -1.28737 -0.69244 1.47225 0.02150 -0.61571 1
0.93630 2.34906 1.07950 -1.28737 -0.69244 0.99027 -0.06301 0.65978 1
0.63953 0.12841 0.45953 0.65593 -0.69244 -0.55714 0.28106 1.34003 1
-1.14111 0.31607 0.97617 -1.28737 -0.69244 -0.04979 0.81829 -0.10552 1
-0.84433 -0.96628 -0.36710 -0.15900 -0.18048 -0.87423 2.40282 -0.70074 0
3.01371 -0.65351 0.45953 0.27981 0.90417 0.58439 -0.18072 1.08494 1
2.71694 0.75394 0.66618 -0.09632 0.26206 -1.24206 -0.68475 2.02029 0
1.23308 -0.37202 0.35620 1.15743 0.29677 -0.51909 0.50742 -0.19055 1
0.93630 0.50373 1.07950 1.28280 -0.69244 0.00094 -0.24410 0.48971 0
-0.84433 0.78522 -0.67708 -1.28737 -0.69244 -0.29078 0.27804 -0.36061 0
-0.84433 -0.46585 0.04622 0.46787 0.47899 0.27998 -0.99562 -0.95584 0
-1.14111 1.84863 0.45953 2.66192 -0.57096 3.47626 5.87973 -0.70074 1
-0.84433 0.56628 -1.19372 -0.09632 0.02777 -0.41762 0.54968 -0.95584 0
-1.14111 1.81735 1.07950 0.40518 -0.69244 1.53566 0.64626 -0.87081 1
0.04598 -0.30947 0.14954 1.65893 1.10375 0.64781 2.77104 1.93526 1
0.04598 0.25351 0.87284 -0.03363 1.65042 0.39413 -0.72700 -0.87081 0
-0.25079 1.62969 0.45953 1.15743 0.91285 0.22925 1.50341 -0.19055 1
-0.54756 1.66097 0.97617 1.03205 0.34883 1.58640 0.52553 -0.78577 1
0.04598 -0.77862 -0.67708 -0.22169 -0.26725 -1.41963 -0.39802 -0.61571 0
-0.54756 -1.21650 -0.88374 0.09175 0.30544 -0.44299 3.70365 -0.70074 0
-0.84433 -0.74734 0.04622 1.22012 -0.69244 0.77464 -0.76624 -0.27558 0
0.34276 -0.49713 0.14954 0.53056 2.12766 0.62244 -0.94431 -0.44564 0
-0.25079 -1.24777 0.87284 -0.28438 -0.11974 -0.56982 -0.50064 -0.95584 0
-0.84433 -1.31033 0.56286 0.27981 -0.37138 -0.83618 0.33539 -0.95584 0
-0.84433 -0.12181 -0.47043 0.15443 0.22735 0.22925 -0.01774 -0.53068 0
0.34276 -1.49799 -0.47043 -1.28737 -0.69244 -0.65861 -0.61533 -0.53068 0
-0.25079 0.91032 0.35620 -1.28737 -0.69244 -1.39426 -0.79944 0.31965 0
-0.84433 0.47245 0.25287 1.84699 1.07772 0.68586 -0.21995 -0.78577 0
-0.84433 0.15968 -0.67708 0.53056 0.62650 -0.41762 0.99335 -1.04087 0
1.52985 1.09799 0.87284 -1.28737 -0.69244 -0.91228 -0.73002 1.68016 1
0.04598 0.84777 -0.47043 0.40518 2.06692 -0.13858 -0.97147 -0.36061 1
-0.54756 0.78522 0.35620 0.90668 0.99095 0.78733 -0.43122 -0.36061 0
-0.54756 -0.49713 0.56286 1.53355 0.96491 0.21656 0.72171 -0.36061 1
-0.84433 -0.37202 -0.47043 -0.78588 0.88682 -0.83618 1.43400 -1.04087 0
-0.84433 0.53500 0.66618 -1.28737 -0.69244 1.02832 -0.71191 -0.44564 0
-0.25079 -0.40330 -0.36710 0.21712 -0.69244 -0.76008 -0.75115 -0.70074 0
-1.14111 0.50373 -0.05711 -0.40975 0.59179 -0.91228 -0.99260 -1.04087 0
0.34276 -0.77862 0.25287 -0.15900 -0.11106 0.20388 1.58490 0.82984 0
-0.25079 0.56628 -0.78041 -1.28737 -0.69244 -0.81081 -0.21090 -0.95584 1
0.63953 -0.90373 1.18282 -1.28737 -0.69244 -1.53378 -0.85678 -0.44564 0
2.71694 0.15968 1.07950 -1.28737 -0.69244 1.44688 0.33539 0.74481 1
0.63953 2.16140 1.18282 -1.28737 -0.69244 0.44487 -0.58515 2.78558 1
0.93630 -0.59096 0.25287 1.22012 0.21867 0.66049 -0.80849 0.99991 0
0.34276 -0.80990 0.14954 0.78130 -0.69244 0.72391 -0.30748 -0.53068 0
0.34276 0.28479 0.66618 -1.28737 -0.69244 0.90148 1.46116 0.31965 1
0.93630 -0.46585 -0.47043 0.21712 -0.69244 -0.69666 -0.53082 -0.36061 1
2.71694 -0.46585 0.14954 2.09774 -0.69244 0.58439 -0.88696 0.99991 0
-1.14111 -0.59096 0.30454 0.15443 -0.69244 -4.05783 0.30219 -1.04087 0
-1.14111 1.37948 0.35620 1.40818 1.52026 2.01764 -0.64249 -0.61571 0
-0.25079 -0.99756 0.25287 -0.28438 0.04513 -0.20200 0.23881 0.40468 0
0.63953 1.03543 0.25287 0.71862 0.98227 -0.34152 1.10804 0.48971 0
-0.25079 -0.43458 -0.36710 -0.47244 -0.27593 -1.15327 0.62211 -0.87081 1
0.04598 0.31607 -0.05711 0.02906 0.74798 0.14046 -0.94129 -0.44564 0
-0.84433 -1.06011 -0.47043 1.03205 -0.04165 0.66049 0.11204 -0.95584 0
1.23308 0.37862 0.14954 -1.28737 -0.69244 0.11509 -0.60929 0.48971 1
-0.84433 -0.59096 0.25287 -1.28737 -0.69244 0.95222 -0.53988 0.74481 1
0.63953 -0.52841 0.25287 -0.15900 0.66121 -0.26542 0.75491 0.65978 1
-1.14111 0.94160 1.07950 1.59624 -0.69244 1.28199 -0.30446 -1.04087 1
1.23308 0.69139 -0.16044 -1.28737 -0.69244 0.36877 -1.03485 0.65978 1
-0.54756 -0.46585 -0.67708 0.40518 0.73931 -0.37957 -0.13846 -0.95584 0
0.04598 0.34734 0.87284 0.65593 -0.69244 -0.50640 -0.15959 2.53049 0
-0.54756 -0.93500 -0.36710 -1.28737 -0.69244 -0.59519 0.16034 -0.95584 0
-0.84433 -1.21650 -0.26377 -0.47244 0.13190 -1.36889 -0.17166 -0.87081 0
-0.25079 1.28565 -0.88374 1.09474 -0.69244 0.66049 0.54364 -0.78577 1
-0.84433 -0.46585 0.35620 -1.28737 -0.69244 0.69854 -0.82962 -0.61571 0
-1.14111 1.75480 -0.47043 0.53056 3.45528 0.33072 1.81126 -1.04087 1
-0.84433 0.94160 -0.47043 -1.28737 -0.69244 -0.74739 -0.88395 -0.95584 0
0.63953 0.50373 -0.41876 -1.28737 -0.69244 -0.98838 -0.96845 1.85023 0
-0.84433 -1.56054 0.45953 1.84699 -0.30196 0.15315 -0.15053 -1.04087 0
-0.84433 -0.55968 -2.02035 1.09474 0.02777 1.43419 -0.87187 -0.02048 0
-1.14111 0.19096 0.56286 1.03205 1.12978 0.54634 1.00240 -0.87081 0
3.31049 0.47245 0.04622 0.71862 0.26206 0.64781 -0.96242 0.82984 1
-0.54756 -1.06011 -0.57375 -0.28438 -0.24122 0.08973 -0.92318 -0.70074 0
-1.14111 0.09713 0.04622 -0.03363 -0.69244 -0.58251 -0.65758 0.23461 1
1.82662 -0.18436 1.49281 -1.28737 -0.69244 -1.01375 1.66036 0.06455 0
-0.54756 -0.18436 -0.26377 0.09175 -0.69244 -0.15126 -0.15355 -1.04087 0
-0.54756 -0.46585 -0.26377 0.90668 0.34015 -0.18931 2.80122 0.06455 0
-0.54756 -0.40330 -0.36710 0.71862 -0.20651 -0.86155 -1.03787 -1.04087 0
-0.25079 -1.87331 0.66618 0.46787 -0.69244 0.30535 -0.69078 1.08494 0
-0.54756 -0.77862 -0.05711 -0.47244 -0.26725 -1.38158 0.52855 -0.61571 0
1.52985 0.06585 0.04622 1.47086 0.12322 0.14046 -0.29541 0.57474 0
0.34276 0.34734 0.56286 -1.28737 -0.69244 -0.65861 -0.86282 3.04068 0
1.82662 -0.90373 -0.36710 -1.28737 -0.69244 -0.77276 -0.92016 -0.19055 0
-0.54756 0.66011 0.66618 -0.15900 -0.13710 -0.92497 0.87262 -1.04087 0
-0.25079 -0.59096 0.25287 -1.28737 -0.69244 -0.31615 -1.05900 -0.10552 0
-1.14111 -0.52841 0.35620 -1.28737 -0.69244 -1.72404 0.33237 -0.53068 0
0.34276 -0.68479 0.25287 0.40518 -0.69244 -0.37957 -0.81151 -0.10552 0
-0.84433 1.31692 0.14954 -1.28737 -0.69244 0.88880 2.26399 -0.02048 1
-0.54756 -0.84117 0.35620 -0.15900 -0.11974 -0.04979 0.53459 -0.87081 0
0.04598 0.81649 0.25287 0.27981 1.84999 0.36877 -0.26221 -0.27558 0
1.23308 1.72352 1.07950 0.84399 1.91073 0.21656 -0.01472 2.10533 1
-0.84433 -0.68479 0.14954 0.59324 -0.53625 0.83806 -0.18072 -1.04087 0
0.04598 1.97373 0.45953 1.15743 1.71116 0.63512 -0.62740 -0.19055 1
0.04598 0.78522 1.18282 -1.28737 -0.69244 -0.10053 0.20259 2.36042 1
0.04598 0.12841 0.04622 -0.15900 0.36618 -0.39225 2.02857 0.99991 1
0.04598 0.40990 0.14954 -1.28737 -0.69244 -1.03912 -0.58817 2.27539 1
1.23308 1.06671 -0.36710 0.34249 3.60280 0.25461 0.21466 1.08494 1
-0.54756 -0.27819 0.45953 1.84699 0.52237 0.93953 -0.89602 -0.78577 0
-1.14111 -0.49713 -0.26377 1.28280 0.53973 1.20589 -0.90205 -0.95584 0
-0.54756 0.62883 -0.57375 0.84399 0.41825 -0.83618 0.68549 -0.78577 0
-0.84433 -0.80990 0.66618 0.27981 0.86946 0.38145 -0.72096 0.82984 1
-0.25079 -1.46671 -0.05711 0.46787 -0.30196 -0.29078 -0.53988 -0.87081 0
0.34276 -0.74734 0.35620 0.40518 -0.69244 0.45755 -0.28333 1.59513 1
-1.14111 -0.05925 -0.26377 -0.15900 0.10587 0.36877 0.76397 -0.87081 0
-1.14111 -0.87245 -0.47043 -1.28737 -0.69244 0.41950 -0.63042 -0.70074 0
1.52985 -0.27819 0.66618 0.21712 -0.69244 -0.48104 2.44508 1.42507 1
-1.14111 0.06585 0.14954 -1.28737 -0.69244 0.54634 -0.64551 1.59513 1
-1.14111 1.28565 0.35620 0.96937 -0.69244 2.23327 -0.32559 -0.61571 1
0.93630 -0.37202 0.56286 0.65593 -0.69244 0.49560 1.97726 0.82984 1
0.93630 0.37862 0.97617 -0.34707 0.65253 0.05168 -0.63344 0.31965 0
2.71694 0.25351 -3.57027 0.59324 -0.69244 1.00295 0.29313 0.91487 1
-1.14111 -0.52841 -0.26377 1.03205 -0.13710 0.20388 0.11506 -0.95584 1
-0.84433 -1.12266 -0.16044 0.53056 -0.69244 -0.68398 -0.36482 -0.19055 0
-0.54756 -1.24777 -0.47043 0.09175 -0.69244 -0.54446 -0.54893 -0.70074 0
-0.25079 -1.06011 -0.47043 -0.15900 -0.69244 -1.29279 -0.08413 -1.04087 0
1.23308 2.38033 0.25287 -1.28737 -0.69244 -0.77276 2.17042 0.48971 1
0.93630 -0.74734 0.35620 0.71862 0.09719 1.12979 1.20462 -0.10552 1
-0.54756 -1.43543 -0.26377 0.21712 -0.21519 -0.29078 -0.30748 -0.02048 0
2.12340 0.53500 0.35620 -1.28737 -0.69244 0.15315 -0.15657 0.14958 0
1.82662 -1.65437 1.90612 0.15443 -0.26725 0.44487 -0.56402 1.16997 0
-0.54756 -1.02883 -0.57375 0.34249 -0.55360 -0.45567 0.88771 -0.95584 0
0.63953 0.72266 0.14954 0.40518 1.28597 0.24193 -0.65457 0.57474 0
0.63953 -0.68479 -0.47043 -0.09632 -0.22387 -0.64593 0.07583 -0.10552 0
-0.54756 1.12926 0.25287 0.90668 3.12555 0.93953 -1.01976 -0.27558 0
0.63953 2.28650 0.45953 -1.28737 -0.69244 -1.07717 -1.03485 2.19036 1
0.04598 -0.55968 -0.47043 0.78130 0.97359 -1.01375 1.49134 -0.02048 0
-1.14111 0.09713 -0.67708 -0.47244 0.21867 -1.29279 -0.05999 -1.04087 0
-0.54756 -0.49713 0.30454 -1.28737 -0.69244 -1.10254 0.26597 1.68016 0
0.04598 1.03543 -0.36710 0.65593 1.77190 0.10241 -0.70889 -0.87081 0
-0.84433 -0.65351 -0.16044 -0.34707 -0.20651 -1.06449 0.58589 -0.61571 0
0.04598 -0.37202 -0.26377 1.47086 0.16661 0.35608 1.30723 -0.61571 1
-0.54756 -1.65437 -0.36710 -0.47244 -0.56228 -1.50841 -0.64853 -0.87081 0
-0.54756 -1.06011 -3.57027 0.15443 -0.69244 -0.39225 0.90884 -0.70074 0
2.12340 -0.30947 0.76951 1.22012 -0.69244 1.87812 1.36760 0.99991 1
0.63953 -1.27905 0.56286 0.96937 -0.69244 0.99027 -0.88998 -0.44564 0
-0.25079 -1.34160 -0.98707 0.71862 0.07116 -0.12590 -0.67569 -0.61571 1
-0.54756 -0.43458 0.25287 0.59324 0.17528 0.20388 -0.20486 -0.87081 0
-0.84433 -0.99756 -0.16044 0.15443 0.12322 -0.49372 -0.92016 -1.04087 0
-0.25079 1.53586 -0.26377 1.03205 1.25994 0.31803 -0.34973 -0.27558 1
-1.14111 1.81735 -0.98707 0.96937 0.68724 0.73659 -0.05094 -0.95584 1
1.82662 0.03458 0.45953 0.65593 -0.69244 -0.55714 0.12110 0.99991 0
-0.84433 -0.99756 -2.33033 -0.09632 -0.47551 -0.53177 0.26295 -1.04087 0
-0.25079 0.25351 1.18282 1.78430 0.65253 0.55902 1.49738 -0.10552 1
0.04598 0.34734 -3.57027 -1.28737 -0.69244 0.11509 -0.51271 -0.87081 1
0.34276 0.03458 0.87284 -1.28737 -0.69244 0.34340 -0.54893 -0.02048 0
0.34276 1.28565 1.80279 -1.28737 -0.69244 0.72391 -0.96845 1.59513 1
2.42017 -0.65351 0.76951 0.78130 0.21867 -0.25273 0.04866 1.08494 0
0.93630 -0.21564 -0.16044 -1.28737 -0.69244 0.10241 -0.64551 0.74481 1
-0.54756 0.22224 -0.26377 1.34549 -0.69244 1.01563 1.89879 -0.78577 0
0.34276 -0.55968 2.00945 1.03205 -0.69244 0.91416 -0.50366 2.70055 0
-1.14111 -1.34160 0.97617 0.53056 -0.34535 0.62244 -0.11432 -1.04087 0
-0.25079 -0.30947 -0.57375 0.65593 -0.31064 -0.31615 -0.12639 -0.95584 0
-0.84433 0.72266 0.66618 1.22012 -0.69244 1.18052 0.40782 -0.44564 0
0.34276 -1.02883 -0.16044 0.02906 -0.49286 -0.96302 -0.39199 -0.27558 0
-0.84433 -1.27905 0.25287 -0.59781 -0.17180 -0.25273 0.16637 -0.95584 0
-0.25079 0.62883 -3.57027 -1.28737 -0.69244 -0.25273 0.87262 -0.53068 1
-1.14111 0.25351 2.11278 1.59624 0.43560 4.45291 -0.46140 -0.61571 1
-0.25079 1.16054 0.04622 0.59324 2.15370 0.44487 -0.38595 0.14958 1
0.04598 -0.80990 -0.47043 0.71862 -0.69244 0.43219 -0.56704 -0.44564 0
-0.54756 -0.40330 -0.36710 -0.66050 1.71983 -0.84886 1.23480 -0.95584 0
0.93630 0.37862 0.76951 -1.28737 -0.69244 1.04100 0.67644 0.31965 0
-0.54756 -1.18522 -0.16044 0.15443 -0.25858 0.02631 0.07583 -0.95584 0
-0.54756 -0.40330 -0.88374 0.34249 -0.14577 0.06436 -0.46442 -0.95584 0
0.63953 1.41075 0.25287 -1.28737 -0.69244 -0.68398 -0.50668 2.78558 0
-0.25079 1.91118 0.25287 -1.28737 -0.69244 -0.18931 -0.38293 -0.36061 1
-1.14111 -0.62224 -0.21211 0.46787 -0.69244 -0.93765 -0.70889 -0.95584 0
0.63953 0.40990 0.56286 1.03205 2.51814 1.80202 -0.70587 1.08494 1
1.82662 1.25437 -0.05711 0.15443 0.45296 -0.82350 -0.44028 1.16997 1
1.23308 -0.65351 0.35620 -1.28737 -0.69244 0.85075 -0.85075 0.74481 0
-1.14111 0.15968 0.87284 0.40518 0.34883 -0.58251 0.13015 -1.04087 0
-0.54756 -0.96628 0.56286 -0.40975 -0.21519 -0.96302 -0.67267 -0.78577 0
-0.54756 -0.99756 1.07950 0.59324 -0.69244 0.19120 -0.54289 0.74481 0
-0.25079 2.25523 0.04622 0.65593 -0.69244 0.36877 -0.69682 -0.70074 1
0.63953 -0.77862 -3.57027 -1.28737 -0.69244 -1.05180 -0.85075 -0.44564 0
-0.84433 -0.09053 -0.57375 0.96937 0.12322 0.16583 -0.63646 -0.87081 0
-0.25079 1.72352 0.87284 0.40518 0.66121 0.16583 2.05875 1.59513 1
-0.84433 -0.40330 -0.47043 1.59624 0.85211 0.44487 -0.17166 -0.78577 0
-0.84433 -0.65351 0.25287 -0.53513 -0.29329 -1.58452 -0.97449 -0.44564 0
0.04598 0.50373 0.76951 -1.28737 -0.69244 -0.10053 -0.66362 -0.27558 0
0.34276 -1.37288 0.66618 1.28280 -0.32800 0.48292 -0.95336 0.14958 0
-0.84433 -1.49799 -0.98707 -0.66050 -0.69244 -1.14059 -0.67569 -1.04087 0
-0.84433 2.25523 -0.98707 -0.28438 2.56153 -0.77276 0.55270 -0.78577 0
1.23308 -0.43458 0.56286 -1.28737 -0.69244 -0.93765 1.15934 0.06455 0
-0.54756 -0.27819 0.87284 1.34549 0.69592 0.81270 -0.68173 -0.44564 0
1.82662 -0.18436 -3.57027 -1.28737 -0.69244 0.41950 -1.01976 -0.36061 0
1.23308 0.94160 0.45953 0.71862 1.12978 1.38346 0.13317 0.23461 1
1.82662 0.12841 0.04622 0.34249 0.30544 -0.11321 -0.80547 0.65978 1
-1.14111 -0.12181 0.56286 0.65593 -0.23255 1.67518 -1.15558 -0.78577 0
0.93630 0.97288 0.97617 1.47086 -0.69244 2.28400 -0.40708 0.23461 1
1.23308 -0.02798 -3.57027 -1.28737 -0.69244 -0.25273 -0.87187 0.40468 1
-0.84433 -1.27905 -0.72875 -1.28737 -0.69244 -1.63525 -0.64551 -1.04087 0
-0.25079 -0.15309 -3.57027 -1.28737 -0.69244 -1.07717 -0.85980 -0.87081 0
-0.84433 1.00416 0.66618 1.34549 3.51602 1.09174 0.64928 -0.87081 0
0.34276 0.56628 -0.26377 0.90668 0.52237 -0.43030 -0.18373 -0.61571 0
0.63953 -0.21564 0.97617 -1.28737 -0.69244 -0.53177 -0.67871 2.78558 0
-1.14111 1.87990 0.97617 1.47086 3.73295 1.43419 -0.75416 -0.61571 1
0.63953 1.28565 -0.36710 -1.28737 -0.69244 -0.97570 -0.88696 1.42507 1
0.34276 -0.15309 0.25287 -1.28737 -0.69244 -0.81081 -0.81755 -0.27558 0
-1.14111 2.41161 -0.16044 0.71862 1.68512 1.18052 0.09092 -0.44564 1
0.34276 0.56628 0.56286 0.90668 0.69592 -0.04979 -0.33464 -0.70074 1
1.82662 -0.30947 0.04622 0.40518 -0.69244 -0.56982 -0.99863 0.57474 1
-0.84433 -0.68479 -0.57375 -0.66050 -0.69244 -0.83618 0.23881 -1.04087 0
-1.14111 0.34734 0.45953 -1.28737 -0.69244 0.05168 -0.23806 -1.04087 0
0.93630 0.12841 0.87284 -1.28737 -0.69244 0.71123 -0.50668 1.51010 0
-0.54756 -0.27819 -0.16044 0.09175 -0.69244 -0.88691 -0.49762 -0.78577 0
2.71694 -1.40416 -0.47043 -1.28737 -0.69244 0.10241 -0.88093 0.65978 0
0.04598 -1.15394 1.07950 0.15443 -0.20651 0.95222 -0.94431 -0.70074 0
-0.54756 -1.24777 0.14954 -0.34707 -0.03297 -0.24005 0.22673 -0.70074 0
1.52985 -0.27819 0.66618 0.71862 0.82608 0.27998 -0.63947 0.23461 1
-1.14111 -0.62224 -0.36710 -1.28737 -0.69244 -1.28011 -0.41010 -0.70074 0
1.82662 -0.40330 -0.16044 -1.28737 -0.69244 0.05168 -0.60326 0.74481 1
1.52985 1.37948 0.97617 -1.28737 -0.69244 -0.20200 -0.51271 1.34003 1
-0.25079 0.22224 0.14954 0.27981 0.95624 0.05168 0.23277 -0.53068 1
-0.84433 1.84863 -3.57027 -1.28737 -0.69244 1.43419 -0.57308 0.65978 1
-0.84433 -1.31033 -0.47043 1.34549 -0.27593 1.45956 0.62211 -0.87081 0
-0.54756 -0.68479 -0.47043 -0.22169 0.69592 0.58439 -0.05697 -1.04087 0
-0.84433 -3.78119 -1.09039 -0.03363 -0.69244 -0.92497 -1.00165 -0.95584 0
-1.14111 -0.37202 0.97617 0.59324 -0.69244 0.06436 1.15633 0.40468 1
-0.84433 -1.06011 -0.05711 0.84399 -0.02429 0.71123 -0.21392 -0.78577 0
0.63953 2.31778 0.04622 -1.28737 -0.69244 -0.13858 -0.43424 -0.19055 1
3.90403 1.31692 0.14954 1.28280 0.29677 1.12979 1.04164 1.16997 1
1.82662 -0.62224 0.35620 1.72161 0.86946 0.11509 -0.90809 2.53049 0
-0.25079 0.22224 0.45953 -1.28737 -0.69244 -1.38158 -0.61533 1.85023 0
0.93630 -0.49713 -3.57027 -1.28737 -0.69244 -4.05783 -0.50366 -0.78577 0
2.42017 -1.02883 0.25287 1.22012 -0.22387 0.41950 -0.28333 1.25500 0
0.93630 0.91032 0.45953 0.53056 0.40089 0.40682 0.66437 1.76520 1
